km_const: 16.901915 20.056608 15.577850 13.973732
krate: 17.197222 25.069727 25.222591 31.601732
d_coeff: 24.157110 171.928555 165.583961 57.731805
sigma_mult: 1.325238 1.759406 1.393920 1.338110
t_mid_nuc_delay: 0.636308 1.829713 0.007555 0.229932
sens: 1.374064
tau_R_m: -16.080000
tau_R_o: 28.719999
emphasis: 9.771300 0.977625 0.381375 0.325688 4.433137 0.748687 0.299475 15.615787
emp_amplitude: 6.941000
emp_width: 5.038000
clonal_call_scale: 0.632610 0.788535 0.273375 0.020000 0.114840
