km_const: 22.251457 24.723841       21.015265       22.251457
krate: 19.536833        20.839289       26.049112       32.561390
d_coeff: 115.814957   137.319839      164.406784      136.495712
sigma_mult: 1.108302    1.072058        0.953788        0.813868
t_mid_nuc_delay: 0.514740       1.327880        0.007460        0.126820
sens: 2.935624
molecules_to_micromolar_conv: 0.000062
tau_R_m: -4.120000
tau_R_o: 12.726000
tau_E: 8.606000
emphasis: 7.072500   2.352500        3.790000        0.832500        4.587500        1.895000        0.110000        15.015000
emp_amplitude:  10.410000
emp_width:      1.430000
clonal_call_scale: 0.506000     0.176000        0.140000        0.208000        0.678000
shrink_factor: 0.000000
