km_const: 24.051491	30.519205	10.285183	26.443056
krate: 24.651974	24.182892	29.388565	23.813158
d_coeff: 123.292114	167.249161	212.558685	411.619781
sigma_mult: 0.834205	0.863252	0.704901	0.675277
t_mid_nuc_delay: 0.371907	1.042156	0.005190	0.119530
sens: 1.037747
tau_R_m: -6.460000
tau_R_o: 33.880001
emphasis: 6.292500	1.992500	4.955000	0.667500	5.582500	0.625000	0.172500	12.592500
emp_amplitude: 	9.960000
emp_width: 	1.275000
clonal_call_scale: 0.480000	0.230000	0.090000	0.020000	0.564000

