km_const: 22.251457 24.723841 21.015265 22.251457
krate: 19.536833 20.839289 26.049112 32.561390
d_coeff: 115.814957 137.319839 164.406784 136.495712
sigma_mult: 1.496208 1.768896 1.573750 1.098722
t_mid_nuc_delay: 0.386055 0.331970 0.005595 0.095115
sens: 2.935624
molecules_to_micromolar_conv: 0.000062
tau_R_m: -4.120000
tau_R_o: 18.180000
emphasis: 6.365250 2.587750 3.411000 0.915750 5.046250 2.084500 0.099000 16.516500
emp_amplitude: 10.410000
emp_width: 1.430000
clonal_call_scale: 0.455400 0.158400 0.126000 0.228800 0.745800
shrink_factor: 0.000000
