km_const: 18.779905	22.285120	17.308722	15.526369
krate: 17.197222	25.069727	25.222591	31.601732
d_coeff: 132.549301	210.503281	202.735184	155.506546
sigma_mult: 0.981658	1.303264	0.844800	0.810976
t_mid_nuc_delay: 0.571320	2.240237	0.011305	0.168912
sens: 1.374064
tau_R_m: -16.080000
tau_R_o: 28.719999
emphasis: 6.580000	1.975000	1.695000	1.447500	7.327500	1.237500	0.495000	12.852500
emp_amplitude: 	6.310000
emp_width: 	4.580000
clonal_call_scale: 0.852000	0.354000	0.270000	0.000000	0.464000

