km_const: 27.591225	21.627647	10.340899	27.596708
krate: 17.684341	17.176081	22.475676	17.395733
d_coeff: 308.724243	263.202148	524.059875	804.447693
sigma_mult: 1.454982	1.174940	1.074544	1.177786
t_mid_nuc_delay: 0.647606	1.387225	0.009503	0.214260
sens: 1.150496
tau_R_m: -7.980000
tau_R_o: 44.060001
emphasis: 10.427500	1.545000	3.472500	0.465000	6.227500	0.552500	-0.112500	9.137500
emp_amplitude: 	10.280000
emp_width: 	1.450000
clonal_call_scale: 0.498000	0.312000	0.082000	0.040000	0.660000

