km_const: 10.372002 25.341219       8.428587        10.897287
krate: 18.848303        18.022186       24.704905       14.485076
d_coeff: 86.601692    229.094406      102.812027      130.614838
sigma_mult: 0.509165    0.618951        0.809652        0.270100
t_mid_nuc_delay: 0.162564       0.782452        0.003224        0.050592
sens: 0.510760
molecules_to_micromolar_conv: 0.000062
tau_R_m: -4.840000
tau_R_o: 21.219999
emp: 9.575000   2.622500        5.890000        0.752500        3.185000        0.407500        0.077500        15.605000
emp_amplitude:  10.000000
emp_width:      2.000000
clonal_call_scale: 0.324000     0.142000        0.108000        0.008000        0.704000
