km_const: 18.779905 22.285120 17.308722 15.526369
krate: 17.197222 25.069727 25.222591 31.601732
d_coeff: 29.525356 171.928555 135.477787 57.731805
sigma_mult: 0.981658 1.303264 0.844800 0.810976
t_mid_nuc_delay: 0.707009 2.033015 0.006868 0.209029
sens: 1.374064
tau_R_m: -16.080000
tau_R_o: 28.719999
emphasis: 4.441500 1.333125 0.466125 0.977063 6.045187 2.505937 1.225125 10.603312
emp_amplitude: 6.941000
emp_width: 4.122000
clonal_call_scale: 0.626284 1.064522 0.123019 0.000000 0.138956
