km_const: 17.604000	19.559999	16.625999	17.604000
krate: 18.967800	20.232319	25.290401	31.612999
d_coeff: 156.084854	185.067169	221.572495	183.956482
sigma_mult: 1.354892	1.310584	1.166000	0.994948
t_mid_nuc_delay: 0.690000	1.780000	0.010000	0.170000
sens: 1.768448
tau_R_m: -13.920000
tau_R_o: 35.959999
emphasis: 7.072500	2.352500	3.790000	0.832500	4.587500	1.895000	0.110000	15.015000
emp_amplitude: 	10.410000
emp_width: 	1.430000
clonal_call_scale: 0.552000	0.254000	0.072000	0.160000	0.564000

