km_const: 22.251457 24.723841 21.015265 22.251457
krate: 19.536833 20.839289 26.049112 32.561390
d_coeff: 115.814957 137.319839 164.406784 136.495712
sigma_mult: 1.108302 1.072058 0.953788 0.813868
t_mid_nuc_delay: 0.514740 1.327880 0.007460 0.126820
sens: 2.935624
molecules_to_micromolar_conv: 0.000062
tau_R_m: -4.120000
tau_R_o: 18.180000
emphasis: 3.500887 1.423262 0.852750 0.686812 11.354063 0.426375 0.163350 30.405375
emp_amplitude: 10.410000
emp_width: 1.430000
clonal_call_scale: 0.569250 0.039600 0.052500 0.234000 0.762750
shrink_factor: 0.000000
