km_const:   20.024000	24.147000	19.476000	18.701000
krate:  24.436000	32.556000	32.062000	40.484000
d_coeff:    171.970000	221.990000	227.388000	201.861000
sens:   0.809000
tau_R_m: 	-15.500000
tau_R_o: 	24.060000
emphasis:	5.177500	1.580000	1.897500	1.737500	8.372500	1.707500	0.170000	14.020000
emp_amplitude: 	7.870000
emp_width: 	3.450000
clonal_call_scale:	0.798000	0.410000	0.090000	0.084000	0.476000
