km_const:   23.147000	18.144000	11.567000	21.800000
krate:  19.433000	18.195000	24.957000	18.031000
d_coeff:    283.383000	290.979000	452.164000	531.039000
sens:   1.178000
tau_R_m: 	-15.660000
tau_R_o: 	29.440000
emphasis:	6.860000	1.345000	2.937500	0.945000	9.177500	1.192500	0.057500	18.652500
emp_amplitude: 	9.230000
emp_width: 	2.240000
clonal_call_scale:	0.518000	0.358000	0.088000	0.154000	0.554000

