km_const:   17.532000	19.480000	9.438000	17.979000
krate:  17.841000	15.625000	32.527000	18.154000
d_coeff:    109.387000  136.525000	156.917000	153.347000
sens:   0.565000
tau_R_m: 	-17.930000
tau_R_o: 	33.000000
emphasis:	6.450000	1.600000	2.089000	1.400000	6.300000	1.800000	0.022500	19.799999
emp_amplitude: 	6.230000
emp_width: 	1.730000
clonal_call_scale:	0.750000	0.430000	0.158000	0.189000	0.450000
